Update: 2025-12-30 02:09:22.616102
Update: 2026-01-06 00:12:26.412902
Update: 2026-01-11 20:01:30.653917
